100 100 100 100 100 100 100
100 100 100 100 100 100 100
100 100 100 100 100 100 100
100 100 100 100 100 100 100
100 100 100 100 100 100 100
100 100 100 100 100 100 100
100 100 100 100 100 100 100
---
200 200 200 200 200 200 200
200 0 -1 -1 300 -1 200
200 -1 200 -1 -1 -1 200
200 300 -1 -1 400 -1 200
200 -1 -1 300 -1 -1 200
200 -1 -1 -1 1 -1 200
200 200 200 200 200 200 200
---
-1 -1 -1 -1 -1 -1 -1
-1 -1 -1 500 -1 -1 -1
-1 -1 -1 -1 -1 -1 -1
-1 500 -1 -1 -1 500 -1
-1 -1 -1 -1 -1 -1 -1
-1 -1 -1 500 -1 -1 -1
-1 -1 -1 -1 -1 -1 -1